2.6029 -0.7839 1.5710 5.7768 0.0243 1
2.5504 -0.7646 1.5642 5.7855 0.1289 1
2.5329 -0.8924 1.5511 5.7632 0.4483 1
2.4618 2.8345 1.5776 5.7772 -1.8273 1
2.5041 2.8366 1.5774 5.7196 -1.0212 1
2.5038 2.7134 1.5531 5.7192 -1.9436 1
2.5740 2.6698 1.5526 5.7189 1.3273 1
2.4852 2.8016 1.5400 5.7234 1.1378 1
2.4602 2.6736 1.5403 5.7335 0.7578 1
2.5089 2.7134 1.5635 5.7464 -0.3105 1
2.5512 2.7253 1.5896 5.7457 -1.0957 1
2.5685 2.8837 1.5915 5.7298 1.3055 1
2.5337 2.6736 1.5872 5.7475 -1.1645 1
2.5886 2.7341 1.5858 5.7432 0.7542 1
2.5796 2.8139 1.5639 5.7565 0.6776 1
2.5604 2.7372 1.5467 5.7389 1.2730 1
2.5571 2.8709 1.5569 5.7599 -0.4414 1
2.5583 2.8472 1.5469 5.7598 -0.5924 1
2.5817 2.6897 1.5600 5.7444 -0.0948 1
2.4808 2.6778 1.5262 5.7554 0.6566 1
3.2361 2.7713 1.8310 5.8268 -0.9000 -1
3.3364 2.7866 2.0199 5.8522 -1.5615 -1
3.8168 -3.0802 2.2753 5.9374 -1.5145 -1
3.9841 -3.1508 2.4537 5.9429 -1.2471 -1
3.8315 -3.1508 2.4511 5.8942 -0.8864 -1
3.8542 -3.0521 2.4525 5.8748 -0.5905 -1
3.7227 -3.0791 2.5464 5.8689 -0.8773 -1
3.6284 -3.2265 2.6271 5.9032 -0.6372 -1
3.7660 -2.9447 2.6731 5.8766 -0.0693 -1
3.7869 -2.6933 2.7117 5.8812 -0.2699 -1
3.8487 -3.1369 2.8693 5.9054 -0.0160 -1
3.8016 -3.1979 2.9006 5.8859 -0.2337 -1
3.6073 -2.8589 2.8326 5.8809 0.8144 -1
3.4767 -2.9980 2.7002 5.8528 0.7736 -1
3.2484 2.5788 2.5689 5.8441 0.9769 -1
3.2184 2.7522 2.4991 5.8211 0.8089 -1
3.1490 2.6540 2.4312 5.7928 1.2467 -1
3.0333 2.7431 2.3528 5.7759 1.4679 -1
2.9443 2.5922 2.2845 5.7704 1.0454 -1
3.0194 2.7646 2.3157 5.7545 1.6697 -1
2.1172 2.8016 1.2145 5.8112 -0.9166 1
2.0251 2.8472 1.1957 5.8226 0.6328 1
2.0940 2.7552 1.2032 5.8004 -0.2855 1
2.1148 2.8016 1.2107 5.7998 0.4378 1
2.0632 2.6128 1.1848 5.8165 0.0173 1
2.0805 2.7674 1.1740 5.8011 -0.4961 1
2.0720 2.9211 1.1817 5.8131 0.0466 1
2.0859 2.7522 1.1944 5.7962 0.5909 1
2.0591 2.7431 1.1984 5.8172 0.9124 1
2.1208 3.0401 1.1830 5.7927 0.0456 1
2.1567 2.7674 1.1547 5.8057 -0.8854 1
2.0595 2.9724 1.1680 5.8046 0.2518 1
2.1149 2.7431 1.0223 5.8067 -0.2742 1
2.0965 2.8725 1.1355 5.7962 0.3369 1
2.1798 2.7839 1.1881 5.7963 2.5033 1
2.0381 2.7431 1.1544 5.8199 0.1295 1
2.0958 2.7991 1.1764 5.8078 0.1276 1
2.1161 2.6199 1.1426 5.8054 -2.1189 1
2.1240 2.8284 1.1967 5.8072 -2.0562 1
2.0836 2.8219 1.2212 5.8269 1.0003 1
3.0996 -0.8173 1.9747 5.8909 1.8375 -1
3.1087 -0.7940 1.9276 5.8613 1.6719 -1
3.1293 -0.7966 1.9235 5.8513 -0.5715 -1
3.0668 -0.7552 1.9128 5.8556 -0.0679 -1
3.1182 -0.7741 1.9402 5.8357 0.7154 -1
3.0973 -0.9296 1.9284 5.8459 -1.6054 -1
3.1421 -0.8092 1.9379 5.8483 -2.4734 -1
3.1656 -0.7341 1.9633 5.8731 -0.0719 -1
3.1854 -0.8303 1.9898 5.8546 -0.3860 -1
3.2822 -0.8924 2.0767 5.8557 0.5282 -1
3.2134 -0.7892 2.1177 5.8408 -0.7430 -1
3.2132 -0.8658 2.1148 5.8416 1.4254 -1
3.2313 -0.7461 2.1396 5.8607 0.3623 -1
3.1926 -0.8324 2.1166 5.8861 0.3255 -1
3.0850 -0.9045 2.0659 5.9602 -0.4908 -1
2.9180 -0.8562 2.0186 6.0254 0.4182 -1
2.8476 -0.8196 1.9342 6.0506 -0.6818 -1
2.9229 -0.8116 2.0069 6.0638 -0.2898 -1
3.0721 -0.9306 2.1108 6.0265 -0.1341 -1
3.2240 -0.7431 2.2473 5.9649 0.2314 -1
1.6928 2.6580 1.0240 5.9283 0.3386 1
1.6951 2.7253 1.0259 5.9245 0.8073 1
1.6991 2.7892 1.0252 5.9267 -2.0425 1
1.7143 2.7674 1.0231 5.9222 0.9770 1
1.7180 2.8581 1.0323 5.9288 -0.5989 1
1.7022 2.7991 1.0297 5.9290 -1.2090 1
1.6871 2.7582 1.0225 5.9279 0.5774 1
1.7412 2.7134 1.0322 5.9351 0.3639 1
1.6796 2.6897 1.0272 5.9325 -0.8354 1
1.6948 2.6015 1.0279 5.9301 -1.7217 1
1.7174 2.7015 1.0234 5.9216 0.7589 1
1.7015 2.7892 1.0172 5.9272 0.8711 1
1.6815 -2.7981 1.0266 5.9327 0.5558 1
1.7107 2.8725 1.0273 5.9245 0.9503 1
1.6931 2.9590 1.0332 5.9236 -1.4340 1
1.6913 2.7866 1.0263 5.9340 1.2006 1
1.7228 2.6897 1.0257 5.9277 0.9057 1
1.6966 2.7221 1.0309 5.9288 0.4134 1
1.7175 2.7461 1.0277 5.9267 -1.0464 1
1.7328 2.6698 1.0249 5.9305 0.1680 1
3.3548 -0.7769 2.0161 5.7069 1.0444 -1
3.4348 -0.7741 2.0236 5.6618 1.9227 -1
3.4683 -0.7522 2.0373 5.6692 0.0618 -1
3.4750 -0.7940 2.0411 5.6646 -0.0916 -1
3.5624 -0.7741 2.0567 5.6292 -0.8755 -1
3.6456 -0.7134 2.1282 5.6115 -0.4067 -1
3.6692 -0.8173 2.1626 5.5982 -1.9279 -1
3.7146 -0.8412 2.2056 5.6091 -0.6236 -1
3.6876 -0.7309 2.2527 5.6383 -0.1989 -1
3.7654 -0.8544 2.3338 5.6509 -1.2401 -1
3.8478 -0.8412 2.3715 5.6531 -1.4786 -1
3.9333 -0.7769 2.5021 5.6298 -0.4595 -1
3.9423 -0.7646 2.5608 5.5928 -0.2176 -1
3.9818 -0.8544 2.6150 5.5776 0.0153 -1
3.9738 -0.8453 2.6018 5.5798 -0.0693 -1
3.7990 -0.7702 2.6008 5.6141 0.7694 -1
3.7323 -0.8581 2.5114 5.6501 1.6905 -1
3.6526 -0.8581 2.4144 5.6791 1.0760 -1
3.6145 -0.8675 2.3582 5.7032 -0.2091 -1
3.5159 -0.8196 2.2610 5.7247 1.2182 -1
2.4374 2.8284 1.4418 5.7565 -2.0829 1
2.4559 2.9478 1.4412 5.7573 0.3647 1
2.4726 2.7823 1.4520 5.7570 -0.2378 1
2.4402 2.7967 1.4586 5.7511 0.0670 1
2.4126 2.7943 1.4431 5.7569 2.1146 1
2.4813 2.7610 1.4533 5.7519 0.9245 1
2.4362 2.6773 1.4407 5.7499 -0.0354 1
2.4515 2.9350 1.4408 5.7507 -0.3731 1
2.4129 2.8263 1.4483 5.7645 -0.4741 1
2.4416 2.8406 1.4494 5.7665 0.0444 1
2.4271 2.7610 1.4342 5.7565 -1.0842 1
2.4435 2.7823 1.4544 5.7591 0.3966 1
2.4007 2.8016 1.4403 5.7656 -0.5734 1
2.4107 2.8040 1.4391 5.7573 2.4231 1
2.4464 2.7286 1.4621 5.7545 -0.0255 1
2.4538 2.8741 1.4379 5.7429 -0.5477 1
2.4210 2.8366 1.4360 5.7624 0.2612 1
2.4239 2.9471 1.4439 5.7581 -0.0694 1
2.4496 2.8509 1.4463 5.7566 -1.3433 1
2.4668 2.7134 1.4516 5.7527 0.2508 1
2.9032 2.6933 1.5167 5.7810 0.0316 -1
2.9547 2.7431 1.6058 5.7679 0.0869 -1
3.0009 2.8938 1.6362 5.7645 -0.7309 -1
3.3327 2.6271 1.7796 5.8108 -0.4226 -1
3.5540 -3.0647 2.0166 5.8465 -0.7243 -1
3.4444 -3.1061 2.0567 5.8438 -2.8938 -1
3.3066 2.7646 2.0456 5.8537 -2.2197 -1
3.3905 -2.7513 2.1919 5.8702 0.2101 -1
3.3022 2.7892 2.1557 5.8351 0.4143 -1
3.2267 -3.1091 2.2066 5.8488 0.1010 -1
3.4092 2.6943 2.2819 5.8386 -0.2139 -1
3.4566 2.7741 2.3912 5.8620 0.0054 -1
3.3658 2.7431 2.3813 5.8206 0.6319 -1
3.2791 2.6659 2.3801 5.8668 0.9308 -1
3.3271 2.6580 2.4027 5.8570 0.5873 -1
3.2043 -2.8968 2.3262 5.8615 0.7813 -1
3.0780 -2.6729 2.2129 5.8230 0.7300 -1
2.9284 -2.9454 2.0341 5.7729 0.9598 -1
2.9388 -2.7389 1.9863 5.7336 0.8421 -1
2.7858 -2.5099 1.8882 5.7065 0.8926 -1
2.8986 2.7866 1.6008 5.7587 -1.4865 1
2.6271 2.7521 1.6393 5.7740 -0.7740 1
2.4531 2.8241 1.6110 5.7656 1.0478 1
2.4172 2.6429 1.5858 5.7716 1.1868 1
2.4910 2.8016 1.5727 5.7599 1.1094 1
2.4567 2.6659 1.5656 5.7570 1.0466 1
2.4458 2.6933 1.5509 5.7598 -1.3237 1
2.4879 2.8263 1.5687 5.7626 1.6342 1
2.3995 2.6698 1.5458 5.7869 -1.1325 1
2.4438 2.6698 1.5674 5.7710 -1.1395 1
2.4342 2.7085 1.5393 5.7627 -0.4757 1
2.3800 2.7050 1.5200 5.7681 0.1230 1
2.3726 2.6356 1.5177 5.7741 -0.4548 1
2.3736 2.6815 1.5165 5.7492 -0.3447 1
2.4137 2.7796 1.5130 5.7698 1.4692 1
2.4147 2.7372 1.5051 5.7641 0.3728 1
2.4004 2.8491 1.4531 5.7709 0.1424 1
2.3916 2.7796 1.4618 5.7713 0.1053 1
2.4005 2.7491 1.4664 5.7774 -1.5140 1
2.4215 2.6084 1.4719 5.7513 0.4082 1
3.1131 -0.8807 2.0440 5.8928 0.5860 -1
3.0195 -0.8433 1.9295 5.9468 1.3693 -1
2.9340 -0.7966 1.8645 5.9411 0.6935 -1
2.8947 -0.8453 1.8084 5.9512 -2.0468 -1
2.9606 -0.8092 1.8139 5.9313 0.7524 -1
3.0293 -0.7769 1.8658 5.8782 -0.1740 -1
3.1178 -0.8491 1.9959 5.8852 -2.2583 -1
3.1742 -0.7991 2.0726 5.8621 1.5590 -1
3.2531 -0.8162 1.9422 5.9065 -1.1249 -1
3.2882 -0.7918 2.0275 5.9808 0.0925 -1
3.4570 -0.8263 2.1915 5.8796 0.5399 -1
3.6982 -0.8453 2.3267 5.8395 -0.4983 -1
3.6959 -0.7729 2.3864 5.8408 -1.2532 -1
3.3848 -0.9716 2.2421 5.9987 -0.1717 -1
2.9294 -0.8453 2.0395 6.1496 0.3325 -1
2.7079 -0.8263 1.9008 6.2290 0.0146 -1
2.6557 -0.8692 1.9329 6.2602 -0.2526 -1
2.7684 -0.8366 2.0458 6.2130 0.1989 -1
2.9213 -0.8692 2.1138 6.1893 0.8899 -1
3.0352 -0.8345 2.3150 6.1205 0.7514 -1
2.3594 2.7892 1.3372 5.7910 -1.0639 1
2.3185 2.9191 1.3665 5.7772 -0.5361 1
2.3289 2.6620 1.3495 5.7820 1.0027 1
2.3718 2.6943 1.3526 5.7873 -1.2536 1
2.3361 2.6897 1.3648 5.7980 -1.2930 1
2.3419 2.8219 1.3429 5.7835 -1.7687 1
2.2958 2.6659 1.3522 5.7986 1.0697 1
2.3538 2.6778 1.3556 5.7923 -1.4021 1
2.3609 2.7065 1.3523 5.7917 0.9292 1
2.3351 2.7991 1.3586 5.7886 -0.6547 1
2.3475 2.6387 1.3530 5.7730 -0.3644 1
2.3346 2.7866 1.3489 5.7894 0.8866 1
2.3217 3.1004 1.3436 5.7897 1.0022 1
2.3630 2.7367 1.3488 5.7800 0.9264 1
2.3368 2.7741 1.3588 5.7973 0.8246 1
2.2954 2.6698 1.3352 5.8033 -1.1372 1
2.3524 2.8807 1.3406 5.7900 0.7475 1
2.3658 2.7741 1.3463 5.7961 0.8126 1
2.3784 2.7646 1.3371 5.7800 0.7325 1
2.3049 2.8345 1.3270 5.7798 0.5399 1
3.2340 -0.8281 2.0210 5.8716 -0.1257 -1
3.2000 -0.7940 1.9705 5.9111 -0.9533 -1
3.0673 -0.8324 1.8815 5.9470 -0.4836 -1
2.9538 -0.7886 1.8651 5.9686 -0.2397 -1
2.9393 -0.7427 1.8446 5.9824 0.0591 -1
2.9377 -0.7152 1.8561 5.9513 0.4773 -1
2.9137 -0.8018 1.8242 5.9080 0.1562 -1
2.9646 -0.7812 1.8415 5.8585 0.7919 -1
3.0100 -0.7940 1.8549 5.8196 0.1717 -1
3.0269 -0.7242 1.8678 5.7999 0.1129 -1
3.0170 -0.7460 1.8626 5.7904 1.1485 -1
3.0753 -0.7065 1.8711 5.7579 1.1281 -1
3.0665 -0.7812 1.8493 5.7625 -0.0003 -1
3.0474 -0.7029 1.8507 5.7769 0.5474 -1
3.0183 -0.7276 1.7937 5.7985 0.4976 -1
2.9412 -0.7684 1.7625 5.8035 0.2923 -1
3.0083 -0.7399 1.7468 5.7832 0.1520 -1
2.9598 -0.7399 1.7293 5.7848 0.2745 -1
2.9838 -0.7309 1.7057 5.7424 -0.1994 -1
3.0504 -0.7367 1.7249 5.7084 -3.8074 -1
1.8084 2.7065 1.1021 5.8633 -0.9800 1
1.8265 2.6739 1.0968 5.8631 -1.2144 1
1.8296 2.7839 1.1022 5.8662 1.2475 1
1.8565 2.8068 1.1080 5.8580 1.1751 1
1.8176 2.9579 1.1100 5.8740 -1.3087 1
1.8184 2.7769 1.1015 5.8693 0.9335 1
1.7927 2.7187 1.0848 5.8650 -0.6532 1
1.8539 2.7152 1.1035 5.8659 -0.2915 1
1.8490 2.6943 1.1089 5.8660 1.3781 1
1.8251 2.6271 1.1026 5.8673 -0.4364 1
1.8303 2.8562 1.1108 5.8691 -1.5757 1
1.8110 2.8658 1.0963 5.8617 -0.9105 1
1.8362 2.7152 1.1023 5.8669 1.0012 1
1.8173 -3.0386 1.1091 5.8702 -0.6199 1
1.8261 2.5674 1.0938 5.8629 0.7038 1
1.8491 2.7333 1.0957 5.8706 1.1907 1
1.8537 2.6943 1.0953 5.8669 0.7819 1
1.8586 2.7839 1.1056 5.8610 -0.3145 1
1.8288 -2.7607 1.0998 5.8692 -1.0818 1
1.8360 2.7491 1.1063 5.8623 0.9748 1
3.4563 -0.7029 2.0127 5.6767 -0.3313 -1
3.4970 -0.7427 2.0134 5.6346 0.0967 -1
3.4935 -0.7242 2.0595 5.6273 1.4481 -1
3.4870 -0.7065 2.0606 5.6356 0.5092 -1
3.5520 -0.7029 2.0694 5.6239 0.6299 -1
3.5444 -0.7207 2.0543 5.6205 1.7976 -1
3.5673 -0.7152 2.0648 5.6354 -0.9390 -1
3.5391 -0.7299 2.0653 5.6257 0.8460 -1
3.5751 -0.7784 2.0932 5.6311 1.2968 -1
3.6442 -0.8149 2.1277 5.6021 0.5387 -1
3.6996 -0.7333 2.1448 5.5879 0.9130 -1
3.7050 -0.7556 2.1944 5.5705 -1.8738 -1
3.7124 -0.8281 2.2284 5.5699 0.0843 -1
3.7907 -0.7187 2.2378 5.5507 -0.7061 -1
3.8696 -0.7586 2.2910 5.5504 -0.0109 -1
3.8652 -0.8124 2.2868 5.5506 -0.3978 -1
3.8941 -0.7586 2.3242 5.5677 -0.7487 -1
3.8765 -0.7333 2.3414 5.5644 -0.1874 -1
3.8987 -0.7427 2.3384 5.5782 -1.0784 -1
3.9172 -0.7586 2.3526 5.5889 -1.8868 -1
2.4311 2.8741 1.4405 5.7479 1.9685 1
2.4578 2.7286 1.4568 5.7375 -0.5257 1
2.4843 2.7610 1.4698 5.7484 -0.6781 1
2.4546 2.8866 1.4621 5.7551 0.8797 1
2.4576 2.7918 1.4617 5.7422 -0.2681 1
2.4669 2.7403 1.4660 5.7453 -1.1480 1
2.4296 2.7552 1.4515 5.7382 -0.6958 1
2.4680 2.8866 1.4565 5.7504 -0.8404 1
2.4616 2.9221 1.4581 5.7442 0.8056 1
2.4587 2.9093 1.4498 5.7450 -1.0148 1
2.4512 2.7729 1.4509 5.7440 2.1888 1
2.4924 2.7168 1.4642 5.7508 -1.6155 1
2.4774 2.8866 1.4566 5.7363 0.9386 1
2.5065 2.8063 1.4591 5.7459 0.5570 1
2.4821 2.7521 1.4531 5.7441 -0.6494 1
2.4597 2.8633 1.4474 5.7467 -0.5044 1
2.4493 2.6736 1.4425 5.7427 -0.3927 1
2.4791 2.8978 1.4528 5.7390 -0.2803 1
2.4449 2.8162 1.4420 5.7427 0.7831 1
2.5065 2.7943 1.4607 5.7404 0.4920 1
2.7233 -0.8741 1.5299 5.7916 3.1319 -1
2.7319 -0.7578 1.5276 5.8116 -0.6574 -1
2.7633 -0.9333 1.5477 5.8307 0.9575 -1
2.8328 -0.8952 1.6018 5.8432 1.3574 -1
2.8604 -0.7943 1.6549 5.8599 -0.3937 -1
2.8417 -0.9990 1.7086 5.8823 0.0326 -1
2.9337 -0.8491 1.7315 5.8778 0.1888 -1
2.8992 -0.8472 1.7452 5.9056 -1.2966 -1
2.8462 -0.8692 1.7556 5.9521 -0.7128 -1
2.8183 -0.8162 1.7836 5.9844 -0.2906 -1
2.8306 -0.9471 1.7886 6.0087 -0.6397 -1
2.7852 -0.8040 1.7584 6.0036 -0.6758 -1
2.7845 -0.8509 1.7142 5.9925 -0.2468 -1
2.7478 -0.9221 1.6693 5.9886 -0.3519 -1
2.7863 -0.8509 1.6766 5.9379 -0.5625 -1
2.7804 -0.8837 1.6732 5.9314 -0.3497 -1
2.7850 -0.8725 1.6584 5.9274 -0.3943 -1
2.6898 -0.9724 1.6262 5.9428 -0.8633 -1
2.6876 -0.8991 1.5880 5.9583 0.3434 -1
2.5476 -0.8406 1.5064 5.9762 1.4235 -1
1.7980 2.7918 1.1395 5.9227 -0.0498 1
1.7811 2.7372 1.1418 5.9322 0.4856 1
1.7894 2.7461 1.1333 5.9280 -0.4652 1
1.7709 2.8386 1.1342 5.9358 0.4312 1
1.7814 2.6736 1.1234 5.9294 -1.1269 1
1.7461 2.7341 1.1026 5.9396 -0.6926 1
1.7528 2.9727 1.0965 5.9322 -0.1995 1
1.7406 2.9727 1.0867 5.9344 1.5939 1
1.8055 2.8139 1.0766 5.9313 -2.3730 1
1.8053 2.7050 1.0734 5.9285 -0.4757 1
1.7608 2.6698 1.0615 5.9350 -0.3531 1
1.7654 2.7892 1.0771 5.9278 0.2778 1
1.7720 -3.0507 1.0746 5.9275 -0.8009 1
1.7805 2.7702 1.0760 5.9378 0.3941 1
1.7561 -2.8968 1.0713 5.9395 0.8646 1
1.7605 2.7085 1.0609 5.9343 0.6520 1
1.7573 2.8366 1.0675 5.9400 -1.3404 1
1.7606 2.9990 1.0680 5.9340 -0.0472 1
1.7483 1.5964 1.0641 5.9341 1.6340 1
1.7444 2.6933 1.0680 5.9390 1.5912 1
2.9930 -0.9450 1.9115 5.8271 1.6631 -1
3.2199 -0.8938 2.0467 5.7846 -0.6836 -1
3.3346 -0.8692 2.1212 5.6898 0.3999 -1
3.4143 -0.8453 2.1885 5.6459 1.1650 -1
3.4533 -0.8241 2.1678 5.6032 1.8673 -1
3.4562 -0.9201 2.1482 5.6069 -0.0451 -1
3.5079 -0.8581 2.1851 5.5880 1.5576 -1
3.5235 -0.8709 2.1967 5.5771 0.3422 -1
3.5977 -0.8366 2.2470 5.5597 -0.5783 -1
3.6321 -0.8345 2.2819 5.5547 -0.0742 -1
3.6927 -0.8345 2.3246 5.5593 -0.6413 -1
3.7392 -0.8822 2.3888 5.5500 -0.7362 -1
3.7563 -0.8599 2.4746 5.5984 -0.8410 -1
3.7461 -0.8472 2.5444 5.6741 -0.0834 -1
3.7445 -0.8837 2.5643 5.7117 0.3079 -1
3.7963 -0.8491 2.6058 5.7193 -0.3219 -1
3.8269 -0.8807 2.6867 5.7186 -0.0883 -1
3.9103 -0.8263 2.7076 5.7060 -1.5197 -1
3.9465 -0.8741 2.7544 5.6565 0.4329 -1
3.9900 -0.8139 2.7908 5.6284 -2.1230 -1
2.5642 2.7729 1.5711 5.7653 -0.1437 1
2.5585 2.8284 1.5508 5.7634 0.8304 1
2.5449 2.8406 1.5775 5.7656 1.1549 1
2.5447 2.7943 1.5610 5.7668 -0.3903 1
2.5836 2.8509 1.5541 5.7777 0.2118 1
2.5191 2.8880 1.5590 5.7684 0.1565 1
2.5370 2.9003 1.5684 5.7770 0.6944 1
2.5384 2.9003 1.5593 5.7671 -0.8818 1
2.5263 2.8528 1.5575 5.7732 -1.0893 1
2.5045 2.8304 1.5782 5.7634 0.6103 1
2.5341 2.7433 1.5809 5.7687 -2.7434 1
2.5459 2.7874 1.5681 5.7679 0.0733 1
2.5698 2.9606 1.5797 5.7703 0.4790 1
2.5703 2.8406 1.5698 5.7694 0.4659 1
2.5481 2.7967 1.5593 5.7697 0.7056 1
2.5896 2.8162 1.5763 5.7710 -0.1391 1
2.5335 2.6924 1.5535 5.7592 0.6701 1
2.5478 2.7317 1.5634 5.7605 0.2046 1
2.5413 2.8304 1.5645 5.7664 1.2315 1
2.5406 2.8063 1.5609 5.7731 -2.1007 1
3.1640 -0.9082 1.6905 6.0861 -1.7887 -1
3.1255 -0.9324 1.8068 6.0999 -1.5078 -1
3.2511 -0.9990 1.9491 6.0888 -1.6893 -1
3.2158 -0.9855 2.0228 6.0500 -1.0932 -1
3.2093 -0.9315 2.0732 5.9933 -0.9053 -1
3.1209 -0.9315 2.0398 5.9792 -1.2640 -1
2.9896 -0.9211 2.0653 5.9525 -0.5307 -1
2.9242 -0.8472 2.0487 5.8965 0.2422 -1
2.8212 -0.8938 2.0099 5.8665 0.6702 -1
2.7168 -0.8978 1.9308 5.8346 0.9868 -1
2.7095 -0.9093 1.8908 5.8268 0.8700 -1
2.7200 -0.8616 1.8071 5.8432 0.2009 -1
2.6973 -0.8162 1.8040 5.8339 1.1625 -1
2.6532 -0.8725 1.7850 5.8178 0.6287 -1
2.6491 -0.9082 1.8242 5.8107 1.2635 -1
2.6207 -0.9450 1.7849 5.8136 0.9231 -1
2.6650 -0.9093 1.7573 5.8253 0.7727 -1
2.6457 -0.8284 1.7221 5.8589 0.4096 -1
2.6896 -0.9333 1.7236 5.8831 -0.0819 -1
2.7591 -0.9333 1.7583 5.8935 0.7306 -1
2.3036 2.8649 1.3591 5.7619 0.1621 1
2.3111 2.9126 1.3505 5.7546 -0.7249 1
2.3185 2.7348 1.3582 5.7693 0.7382 1
2.3398 2.8666 1.3718 5.7655 -0.6922 1
2.3077 2.9490 1.3791 5.7646 -0.0309 1
2.3142 2.8425 1.3609 5.7646 -0.7474 1
2.3087 2.9864 1.3554 5.7623 3.3198 1
2.2949 2.7898 1.3600 5.7671 -0.1700 1
2.2895 2.8562 1.3583 5.7609 -0.2589 1
2.3014 2.8406 1.3494 5.7658 -0.6426 1
2.2794 2.9250 1.3565 5.7675 -0.2211 1
2.3082 2.7463 1.3705 5.7604 -0.0819 1
2.2981 2.8880 1.3601 5.7681 1.0760 1
2.3122 2.8771 1.3634 5.7611 0.9012 1
2.3070 2.8406 1.3557 5.7554 -1.5010 1
2.3042 2.8649 1.3556 5.7603 0.2188 1
2.2622 2.8880 1.3598 5.7647 0.5708 1
2.2896 2.8184 1.3708 5.7689 -0.5702 1
2.3267 2.8184 1.3578 5.7628 -0.1979 1
2.3025 2.9373 1.3663 5.7604 -1.1480 1
2.6659 -0.9003 1.7537 5.9017 0.7065 -1
2.6329 -0.9731 1.6999 5.9473 -1.2934 -1
2.6393 -0.8991 1.6597 5.9629 -1.2422 -1
2.5692 -0.9478 1.6271 5.9970 -0.2314 -1
2.4829 -0.9221 1.5552 6.0162 -2.0008 -1
2.4945 -1.0122 1.5249 6.0022 0.2384 -1
2.4905 -0.9015 1.5263 5.9838 0.4899 -1
2.5415 -0.9241 1.5268 5.9653 0.7036 -1
2.6237 -0.9615 1.5731 5.9632 -1.9876 -1
2.5931 -1.0823 1.5379 5.9816 -0.6559 -1
2.5441 -0.9611 1.4824 5.9825 0.5651 -1
2.4800 -1.0385 1.4808 6.0033 1.1667 -1
2.4541 -0.8681 1.4121 6.0245 -0.2010 -1
2.4367 -0.9231 1.4492 6.0301 0.4375 -1
2.4018 -0.9857 1.4345 6.0201 -0.2871 -1
2.4180 -0.9116 1.4402 6.0070 1.0141 -1
2.4914 -1.0546 1.4649 5.9875 -0.3438 -1
2.4602 -0.9862 1.4761 5.9959 1.7579 -1
2.4886 -0.9250 1.4843 5.9829 0.8532 -1
2.5422 -0.9231 1.4833 5.9979 0.3103 -1
1.7834 2.8324 1.1120 5.9024 -0.0656 1
1.8249 2.6846 1.1124 5.9012 0.0910 1
1.8352 2.7233 1.1090 5.9024 -0.2218 1
1.7786 2.7037 1.0989 5.9104 2.3112 1
1.8311 2.9241 1.1112 5.9095 0.8393 1
1.8102 2.9358 1.1100 5.9176 0.3889 1
1.8197 2.8880 1.1129 5.9113 -0.1388 1
1.7899 3.1795 1.1031 5.8992 -0.4680 1
1.8191 2.9484 1.1084 5.9099 0.1801 1
1.7999 3.0516 1.1035 5.9029 -0.3252 1
1.7898 2.9611 1.1028 5.9036 0.3851 1
1.7908 2.9241 1.1103 5.9158 0.3404 1
1.7878 2.8545 1.0953 5.9103 1.2925 1
1.8037 2.7317 1.1032 5.9086 0.2872 1
1.8050 2.7201 1.1097 5.9125 0.2633 1
1.8140 2.9250 1.1052 5.9080 0.0611 1
1.8399 2.7756 1.0981 5.9000 -2.9066 1
1.8049 -2.9724 1.0839 5.9071 -0.4442 1
1.8176 2.8184 1.0624 5.9013 -1.5982 1
1.8234 2.9241 1.0576 5.9093 -0.2717 1
3.4176 -0.9259 2.1617 5.6976 -0.5196 -1
3.4595 -0.9116 2.2108 5.6965 -0.1124 -1
3.4682 -0.9606 2.1830 5.6985 -0.9520 -1
3.4211 -0.9366 2.1611 5.7153 -0.3264 -1
3.4253 -0.8991 2.1592 5.7247 -0.0535 -1
3.4112 -0.9003 2.1275 5.7321 -0.3312 -1
3.3327 -0.8786 2.1384 5.7423 -0.4030 -1
3.3643 -0.9862 2.1250 5.7367 -1.3110 -1
3.3037 -0.9606 2.1367 5.7712 -0.4455 -1
3.3645 -0.9734 2.1529 5.7701 -0.3215 -1
3.4027 -0.9990 2.2029 5.7951 -0.7042 -1
3.3492 -0.9606 2.1885 5.7760 -1.3845 -1
3.3015 -0.8344 2.1731 5.7921 -0.2304 -1
3.3552 -0.9358 2.1841 5.7777 0.0491 -1
3.3403 -0.9358 2.1740 5.7621 0.1869 -1
3.1955 -0.9250 2.1103 5.7678 0.5762 -1
3.2800 -1.0124 2.0727 5.7503 0.0120 -1
3.1324 -0.9484 2.0138 5.7880 2.6449 -1
3.1522 -0.9727 2.0444 5.7885 1.7720 -1
3.1422 -0.9358 1.9879 5.8122 1.8542 -1
1.7769 2.8304 1.0836 5.9129 0.9875 1
1.7639 2.9003 1.0722 5.9170 -1.8549 1
1.7901 -2.9980 1.0785 5.9171 0.2265 1
1.7745 2.7003 1.0821 5.9153 -0.4695 1
1.7776 2.8406 1.0789 5.9111 0.8617 1
1.7371 2.9734 1.0754 5.9256 1.3731 1
1.7977 2.8528 1.0916 5.9157 2.7732 1
1.7576 2.9105 1.0796 5.9203 -0.5143 1
1.7782 2.7638 1.0832 5.9182 -0.8862 1
1.7441 2.8040 1.0793 5.9237 -0.0311 1
1.7683 2.8063 1.0805 5.9111 0.1129 1
1.7689 2.7550 1.0757 5.9114 -0.4415 1
1.7643 2.9003 1.0743 5.9188 -0.0970 1
1.7632 2.7729 1.0777 5.9245 0.2253 1
1.7654 2.8880 1.0789 5.9191 -1.1624 1
1.7791 -3.1871 1.0802 5.9135 -0.5180 1
1.7613 2.8063 1.0770 5.9119 -1.0609 1
1.7602 2.8756 1.0760 5.9202 -0.1058 1
1.7775 2.9241 1.0826 5.9216 -0.3216 1
1.7871 2.7638 1.0749 5.9090 0.9031 1
3.3523 -1.0122 2.1288 5.7427 0.5303 -1
3.3631 -0.8880 2.1575 5.7365 -0.0799 -1
3.3814 -0.9003 2.1445 5.7391 -0.6778 -1
3.3415 -0.8562 2.1208 5.7658 0.5828 -1
3.3288 -0.9231 2.1158 5.7663 1.1666 -1
3.3173 -0.9606 2.1150 5.7676 -0.3747 -1
3.2933 -0.9859 2.1218 5.7625 -1.7790 -1
3.2550 -0.9596 2.1102 5.7672 1.7671 -1
3.3596 -1.0395 2.1468 5.7756 -0.4500 -1
3.3056 -0.9731 2.1467 5.7684 -0.2026 -1
3.3573 -0.9860 2.1269 5.7662 0.9470 -1
3.3691 -0.9490 2.1208 5.7709 -1.5887 -1
3.3223 -1.0122 2.1418 5.7672 0.4755 -1
3.2855 -0.9250 2.1164 5.7574 -0.3363 -1
3.3527 -0.8562 2.1679 5.7590 -2.2014 -1
3.3756 -0.9015 2.1393 5.7536 0.0698 -1
3.3614 -0.8906 2.1371 5.7646 1.1704 -1
3.3825 -0.9484 2.1063 5.7427 0.4279 -1
3.2609 -0.9373 2.0838 5.7416 -0.2546 -1
3.2194 -1.0257 2.0297 5.7437 0.8078 -1
2.3391 2.7693 1.3727 5.7609 0.7381 1
2.3347 2.9615 1.3846 5.7504 2.0890 1
2.3520 2.8324 1.3684 5.7551 -1.1138 1
2.3378 2.9373 1.3696 5.7558 0.5369 1
2.3076 2.8906 1.3797 5.7647 -0.7150 1
2.3470 2.9126 1.3716 5.7466 -0.7753 1
2.3126 2.9865 1.3872 5.7613 -0.6003 1
2.3318 2.8304 1.3895 5.7633 0.3925 1
2.3119 2.8786 1.3932 5.7577 -0.2391 1
2.3154 2.9366 1.3783 5.7555 1.9229 1
2.3275 2.8893 1.3713 5.7559 -0.0777 1
2.3048 2.7874 1.3720 5.7596 -0.6885 1
2.3217 2.9737 1.3831 5.7593 -0.7356 1
2.3406 2.7070 1.3836 5.7559 -1.3783 1
2.3177 2.9003 1.3856 5.7650 -0.4633 1
2.3265 3.0250 1.3848 5.7617 1.4638 1
2.2846 2.9734 1.3834 5.7573 -0.6341 1
2.3350 2.9003 1.3855 5.7470 -0.2076 1
2.3136 2.7151 1.3677 5.7536 1.3243 1
2.3378 2.9241 1.3883 5.7563 -0.8389 1
4.2326 1.0773 3.8497 6.3455 -2.0979 -1
3.9415 1.0779 3.5106 6.3124 -1.2883 -1
3.7597 1.0773 3.2724 6.2775 -1.6290 -1
3.5147 1.0785 3.0715 6.2599 -1.4455 -1
3.2360 1.0802 2.8288 6.2255 -0.9302 -1
3.0326 1.0796 2.5854 6.1955 -0.2564 -1
2.8544 -0.9596 2.4273 6.1853 -0.7895 -1
2.7247 -0.9724 2.2887 6.1525 0.1025 -1
2.6652 -0.9471 2.2021 6.1468 0.5693 -1
2.6899 -0.8893 2.1888 6.1081 0.4134 -1
2.7435 -0.8756 2.1303 6.0977 0.6371 -1
2.7013 -0.9859 2.1834 6.0752 0.0898 -1
2.7395 -0.9358 2.1276 6.0423 1.5235 -1
2.7251 -0.9734 2.1234 6.0457 0.4614 -1
2.6981 -0.9601 2.0337 6.0634 0.7627 -1
2.6419 -1.0260 1.9769 6.0647 0.8247 -1
2.6279 -0.9724 1.9603 6.0502 0.6493 -1
2.6737 -1.0122 1.9521 6.0432 0.4002 -1
2.6700 -0.9241 1.9375 6.0358 0.5897 -1
2.6643 -1.0962 1.9401 6.0333 1.4131 -1
2.6029 -0.7839 1.5710 5.7768 0.6016 1
2.5504 -0.7646 1.5642 5.7855 0.6336 1
2.5329 -0.8924 1.5511 5.7632 0.7313 1
2.4618 2.8345 1.5776 5.7772 0.0355 1
2.5041 2.8366 1.5774 5.7196 0.2820 1
2.5038 2.7134 1.5531 5.7192 0.0000 1
2.5740 2.6698 1.5526 5.7189 1.0000 1
2.4852 2.8016 1.5400 5.7234 0.9421 1
2.4602 2.6736 1.5403 5.7335 0.8259 1
2.5089 2.7134 1.5635 5.7464 0.4993 1
2.5512 2.7253 1.5896 5.7457 0.2592 1
2.5685 2.8837 1.5915 5.7298 0.9934 1
2.5337 2.6736 1.5872 5.7475 0.2382 1
2.5886 2.7341 1.5858 5.7432 0.8248 1
2.5796 2.8139 1.5639 5.7565 0.8014 1
2.5604 2.7372 1.5467 5.7389 0.9834 1
2.5571 2.8709 1.5569 5.7599 0.4593 1
2.5583 2.8472 1.5469 5.7598 0.4131 1
2.5817 2.6897 1.5600 5.7444 0.5652 1
2.4808 2.6778 1.5262 5.7554 0.7949 1
3.2361 2.7713 1.8310 5.8268 0.2047 -1
3.3364 2.7866 2.0199 5.8522 0.0000 -1
3.8168 -3.0802 2.2753 5.9374 0.0146 -1
3.9841 -3.1508 2.4537 5.9429 0.0973 -1
3.8315 -3.1508 2.4511 5.8942 0.2089 -1
3.8542 -3.0521 2.4525 5.8748 0.3005 -1
3.7227 -3.0791 2.5464 5.8689 0.2118 -1
3.6284 -3.2265 2.6271 5.9032 0.2861 -1
3.7660 -2.9447 2.6731 5.8766 0.4618 -1
3.7869 -2.6933 2.7117 5.8812 0.3997 -1
3.8487 -3.1369 2.8693 5.9054 0.4783 -1
3.8016 -3.1979 2.9006 5.8859 0.4109 -1
3.6073 -2.8589 2.8326 5.8809 0.7353 -1
3.4767 -2.9980 2.7002 5.8528 0.7227 -1
3.2484 2.5788 2.5689 5.8441 0.7856 -1
3.2184 2.7522 2.4991 5.8211 0.7336 -1
3.1490 2.6540 2.4312 5.7928 0.8691 -1
3.0333 2.7431 2.3528 5.7759 0.9376 -1
2.9443 2.5922 2.2845 5.7704 0.8068 -1
3.0194 2.7646 2.3157 5.7545 1.0000 -1
2.1172 2.8016 1.2145 5.8112 0.2601 1
2.0251 2.8472 1.1957 5.8226 0.5953 1
2.0940 2.7552 1.2032 5.8004 0.3966 1
2.1148 2.8016 1.2107 5.7998 0.5531 1
2.0632 2.6128 1.1848 5.8165 0.4622 1
2.0805 2.7674 1.1740 5.8011 0.3511 1
2.0720 2.9211 1.1817 5.8131 0.4685 1
2.0859 2.7522 1.1944 5.7962 0.5862 1
2.0591 2.7431 1.1984 5.8172 0.6558 1
2.1208 3.0401 1.1830 5.7927 0.4683 1
2.1567 2.7674 1.1547 5.8057 0.2669 1
2.0595 2.9724 1.1680 5.8046 0.5129 1
2.1149 2.7431 1.0223 5.8067 0.3991 1
2.0965 2.8725 1.1355 5.7962 0.5313 1
2.1798 2.7839 1.1881 5.7963 1.0000 1
2.0381 2.7431 1.1544 5.8199 0.4864 1
2.0958 2.7991 1.1764 5.8078 0.4860 1
2.1161 2.6199 1.1426 5.8054 0.0000 1
2.1240 2.8284 1.1967 5.8072 0.0135 1
2.0836 2.8219 1.2212 5.8269 0.6748 1
3.0996 -0.8173 1.9747 5.8909 1.0000 -1
3.1087 -0.7940 1.9276 5.8613 0.9616 -1
3.1293 -0.7966 1.9235 5.8513 0.4412 -1
3.0668 -0.7552 1.9128 5.8556 0.5580 -1
3.1182 -0.7741 1.9402 5.8357 0.7397 -1
3.0973 -0.9296 1.9284 5.8459 0.2014 -1
3.1421 -0.8092 1.9379 5.8483 0.0000 -1
3.1656 -0.7341 1.9633 5.8731 0.5571 -1
3.1854 -0.8303 1.9898 5.8546 0.4842 -1
3.2822 -0.8924 2.0767 5.8557 0.6963 -1
3.2134 -0.7892 2.1177 5.8408 0.4014 -1
3.2132 -0.8658 2.1148 5.8416 0.9044 -1
3.2313 -0.7461 2.1396 5.8607 0.6578 -1
3.1926 -0.8324 2.1166 5.8861 0.6493 -1
3.0850 -0.9045 2.0659 5.9602 0.4599 -1
2.9180 -0.8562 2.0186 6.0254 0.6708 -1
2.8476 -0.8196 1.9342 6.0506 0.4156 -1
2.9229 -0.8116 2.0069 6.0638 0.5065 -1
3.0721 -0.9306 2.1108 6.0265 0.5426 -1
3.2240 -0.7431 2.2473 5.9649 0.6274 -1
1.6928 2.6580 1.0240 5.9283 0.7342 1
1.6951 2.7253 1.0259 5.9245 0.8787 1
1.6991 2.7892 1.0252 5.9267 0.0000 1
1.7143 2.7674 1.0231 5.9222 0.9311 1
1.7180 2.8581 1.0323 5.9288 0.4451 1
1.7022 2.7991 1.0297 5.9290 0.2570 1
1.6871 2.7582 1.0225 5.9279 0.8078 1
1.7412 2.7134 1.0322 5.9351 0.7420 1
1.6796 2.6897 1.0272 5.9325 0.3722 1
1.6948 2.6015 1.0279 5.9301 0.0989 1
1.7174 2.7015 1.0234 5.9216 0.8638 1
1.7015 2.7892 1.0172 5.9272 0.8984 1
1.6815 -2.7981 1.0266 5.9327 0.8012 1
1.7107 2.8725 1.0273 5.9245 0.9228 1
1.6931 2.9590 1.0332 5.9236 0.1876 1
1.6913 2.7866 1.0263 5.9340 1.0000 1
1.7228 2.6897 1.0257 5.9277 0.9091 1
1.6966 2.7221 1.0309 5.9288 0.7573 1
1.7175 2.7461 1.0277 5.9267 0.3071 1
1.7328 2.6698 1.0249 5.9305 0.6816 1
3.3548 -0.7769 2.0161 5.7069 0.7719 -1
3.4348 -0.7741 2.0236 5.6618 1.0000 -1
3.4683 -0.7522 2.0373 5.6692 0.5167 -1
3.4750 -0.7940 2.0411 5.6646 0.4769 -1
3.5624 -0.7741 2.0567 5.6292 0.2733 -1
3.6456 -0.7134 2.1282 5.6115 0.3951 -1
3.6692 -0.8173 2.1626 5.5982 0.0000 -1
3.7146 -0.8412 2.2056 5.6091 0.3387 -1
3.6876 -0.7309 2.2527 5.6383 0.4490 -1
3.7654 -0.8544 2.3338 5.6509 0.1786 -1
3.8478 -0.8412 2.3715 5.6531 0.1167 -1
3.9333 -0.7769 2.5021 5.6298 0.3814 -1
3.9423 -0.7646 2.5608 5.5928 0.4442 -1
3.9818 -0.8544 2.6150 5.5776 0.5046 -1
3.9738 -0.8453 2.6018 5.5798 0.4827 -1
3.7990 -0.7702 2.6008 5.6141 0.7005 -1
3.7323 -0.8581 2.5114 5.6501 0.9397 -1
3.6526 -0.8581 2.4144 5.6791 0.7801 -1
3.6145 -0.8675 2.3582 5.7032 0.4464 -1
3.5159 -0.8196 2.2610 5.7247 0.8170 -1
2.4374 2.8284 1.4418 5.7565 0.0000 1
2.4559 2.9478 1.4412 5.7573 0.5432 1
2.4726 2.7823 1.4520 5.7570 0.4095 1
2.4402 2.7967 1.4586 5.7511 0.4771 1
2.4126 2.7943 1.4431 5.7569 0.9315 1
2.4813 2.7610 1.4533 5.7519 0.6674 1
2.4362 2.6773 1.4407 5.7499 0.4544 1
2.4515 2.9350 1.4408 5.7507 0.3795 1
2.4129 2.8263 1.4483 5.7645 0.3570 1
2.4416 2.8406 1.4494 5.7665 0.4721 1
2.4271 2.7610 1.4342 5.7565 0.2216 1
2.4435 2.7823 1.4544 5.7591 0.5503 1
2.4007 2.8016 1.4403 5.7656 0.3350 1
2.4107 2.8040 1.4391 5.7573 1.0000 1
2.4464 2.7286 1.4621 5.7545 0.4566 1
2.4538 2.8741 1.4379 5.7429 0.3407 1
2.4210 2.8366 1.4360 5.7624 0.5202 1
2.4239 2.9471 1.4439 5.7581 0.4468 1
2.4496 2.8509 1.4463 5.7566 0.1641 1
2.4668 2.7134 1.4516 5.7527 0.5179 1
2.9032 2.6933 1.5167 5.7810 0.7591 -1
2.9547 2.7431 1.6058 5.7679 0.7735 -1
3.0009 2.8938 1.6362 5.7645 0.5613 -1
3.3327 2.6271 1.7796 5.8108 0.6413 -1
3.5540 -3.0647 2.0166 5.8465 0.5630 -1
3.4444 -3.1061 2.0567 5.8438 0.0000 -1
3.3066 2.7646 2.0456 5.8537 0.1749 -1
3.3905 -2.7513 2.1919 5.8702 0.8054 -1
3.3022 2.7892 2.1557 5.8351 0.8584 -1
3.2267 -3.1091 2.2066 5.8488 0.7771 -1
3.4092 2.6943 2.2819 5.8386 0.6954 -1
3.4566 2.7741 2.3912 5.8620 0.7523 -1
3.3658 2.7431 2.3813 5.8206 0.9149 -1
3.2791 2.6659 2.3801 5.8668 0.9925 -1
3.3271 2.6580 2.4027 5.8570 0.9033 -1
3.2043 -2.8968 2.3262 5.8615 0.9537 -1
3.0780 -2.6729 2.2129 5.8230 0.9404 -1
2.9284 -2.9454 2.0341 5.7729 1.0000 -1
2.9388 -2.7389 1.9863 5.7336 0.9695 -1
2.7858 -2.5099 1.8882 5.7065 0.9826 -1
2.8986 2.7866 1.6008 5.7587 0.0087 1
2.6271 2.7521 1.6393 5.7740 0.2350 1
2.4531 2.8241 1.6110 5.7656 0.8137 1
2.4172 2.6429 1.5858 5.7716 0.8579 1
2.4910 2.8016 1.5727 5.7599 0.8333 1
2.4567 2.6659 1.5656 5.7570 0.8134 1
2.4458 2.6933 1.5509 5.7598 0.0604 1
2.4879 2.8263 1.5687 5.7626 1.0000 1
2.3995 2.6698 1.5458 5.7869 0.1212 1
2.4438 2.6698 1.5674 5.7710 0.1189 1
2.4342 2.7085 1.5393 5.7627 0.3298 1
2.3800 2.7050 1.5200 5.7681 0.5200 1
2.3726 2.6356 1.5177 5.7741 0.3364 1
2.3736 2.6815 1.5165 5.7492 0.3714 1
2.4137 2.7796 1.5130 5.7698 0.9476 1
2.4147 2.7372 1.5051 5.7641 0.5993 1
2.4004 2.8491 1.4531 5.7709 0.5262 1
2.3916 2.7796 1.4618 5.7713 0.5144 1
2.4005 2.7491 1.4664 5.7774 0.0000 1
2.4215 2.6084 1.4719 5.7513 0.6106 1
3.1131 -0.8807 2.0440 5.8928 0.7451 -1
3.0195 -0.8433 1.9295 5.9468 0.9503 -1
2.9340 -0.7966 1.8645 5.9411 0.7733 -1
2.8947 -0.8453 1.8084 5.9512 0.0554 -1
2.9606 -0.8092 1.8139 5.9313 0.7887 -1
3.0293 -0.7769 1.8658 5.8782 0.5460 -1
3.1178 -0.8491 1.9959 5.8852 0.0000 -1
3.1742 -0.7991 2.0726 5.8621 1.0000 -1
3.2531 -0.8162 1.9422 5.9065 0.2969 -1
3.2882 -0.7918 2.0275 5.9808 0.6158 -1
3.4570 -0.8263 2.1915 5.8796 0.7330 -1
3.6982 -0.8453 2.3267 5.8395 0.4611 -1
3.6959 -0.7729 2.3864 5.8408 0.2633 -1
3.3848 -0.9716 2.2421 5.9987 0.5466 -1
2.9294 -0.8453 2.0395 6.1496 0.6787 -1
2.7079 -0.8263 1.9008 6.2290 0.5954 -1
2.6557 -0.8692 1.9329 6.2602 0.5254 -1
2.7684 -0.8366 2.0458 6.2130 0.6437 -1
2.9213 -0.8692 2.1138 6.1893 0.8247 -1
3.0352 -0.8345 2.3150 6.1205 0.7884 -1
2.3594 2.7892 1.3372 5.7910 0.2483 1
2.3185 2.9191 1.3665 5.7772 0.4343 1
2.3289 2.6620 1.3495 5.7820 0.9764 1
2.3718 2.6943 1.3526 5.7873 0.1815 1
2.3361 2.6897 1.3648 5.7980 0.1676 1
2.3419 2.8219 1.3429 5.7835 0.0000 1
2.2958 2.6659 1.3522 5.7986 1.0000 1
2.3538 2.6778 1.3556 5.7923 0.1291 1
2.3609 2.7065 1.3523 5.7917 0.9505 1
2.3351 2.7991 1.3586 5.7886 0.3925 1
2.3475 2.6387 1.3530 5.7730 0.4947 1
2.3346 2.7866 1.3489 5.7894 0.9355 1
2.3217 3.1004 1.3436 5.7897 0.9762 1
2.3630 2.7367 1.3488 5.7800 0.9495 1
2.3368 2.7741 1.3588 5.7973 0.9137 1
2.2954 2.6698 1.3352 5.8033 0.2225 1
2.3524 2.8807 1.3406 5.7900 0.8865 1
2.3658 2.7741 1.3463 5.7961 0.9094 1
2.3784 2.7646 1.3371 5.7800 0.8812 1
2.3049 2.8345 1.3270 5.7798 0.8133 1
3.2340 -0.8281 2.0210 5.8716 0.7429 -1
3.2000 -0.7940 1.9705 5.9111 0.5759 -1
3.0673 -0.8324 1.8815 5.9470 0.6707 -1
2.9538 -0.7886 1.8651 5.9686 0.7199 -1
2.9393 -0.7427 1.8446 5.9824 0.7802 -1
2.9377 -0.7152 1.8561 5.9513 0.8646 -1
2.9137 -0.8018 1.8242 5.9080 0.7998 -1
2.9646 -0.7812 1.8415 5.8585 0.9280 -1
3.0100 -0.7940 1.8549 5.8196 0.8029 -1
3.0269 -0.7242 1.8678 5.7999 0.7910 -1
3.0170 -0.7460 1.8626 5.7904 1.0000 -1
3.0753 -0.7065 1.8711 5.7579 0.9959 -1
3.0665 -0.7812 1.8493 5.7625 0.7682 -1
3.0474 -0.7029 1.8507 5.7769 0.8787 -1
3.0183 -0.7276 1.7937 5.7985 0.8687 -1
2.9412 -0.7684 1.7625 5.8035 0.8272 -1
3.0083 -0.7399 1.7468 5.7832 0.7989 -1
2.9598 -0.7399 1.7293 5.7848 0.8236 -1
2.9838 -0.7309 1.7057 5.7424 0.7280 -1
3.0504 -0.7367 1.7249 5.7084 0.0000 -1
1.8084 2.7065 1.1021 5.8633 0.2017 1
1.8265 2.6739 1.0968 5.8631 0.1223 1
1.8296 2.7839 1.1022 5.8662 0.9558 1
1.8565 2.8068 1.1080 5.8580 0.9313 1
1.8176 2.9579 1.1100 5.8740 0.0904 1
1.8184 2.7769 1.1015 5.8693 0.8495 1
1.7927 2.7187 1.0848 5.8650 0.3123 1
1.8539 2.7152 1.1035 5.8659 0.4348 1
1.8490 2.6943 1.1089 5.8660 1.0000 1
1.8251 2.6271 1.1026 5.8673 0.3857 1
1.8303 2.8562 1.1108 5.8691 0.0000 1
1.8110 2.8658 1.0963 5.8617 0.2252 1
1.8362 2.7152 1.1023 5.8669 0.8724 1
1.8173 -3.0386 1.1091 5.8702 0.3236 1
1.8261 2.5674 1.0938 5.8629 0.7717 1
1.8491 2.7333 1.0957 5.8706 0.9366 1
1.8537 2.6943 1.0953 5.8669 0.7982 1
1.8586 2.7839 1.1056 5.8610 0.4270 1
1.8288 -2.7607 1.0998 5.8692 0.1672 1
1.8360 2.7491 1.1063 5.8623 0.8635 1
3.4563 -0.7029 2.0127 5.6767 0.4222 -1
3.4970 -0.7427 2.0134 5.6346 0.5384 -1
3.4935 -0.7242 2.0595 5.6273 0.9051 -1
3.4870 -0.7065 2.0606 5.6356 0.6503 -1
3.5520 -0.7029 2.0694 5.6239 0.6831 -1
3.5444 -0.7207 2.0543 5.6205 1.0000 -1
3.5673 -0.7152 2.0648 5.6354 0.2573 -1
3.5391 -0.7299 2.0653 5.6257 0.7417 -1
3.5751 -0.7784 2.0932 5.6311 0.8641 -1
3.6442 -0.8149 2.1277 5.6021 0.6583 -1
3.6996 -0.7333 2.1448 5.5879 0.7599 -1
3.7050 -0.7556 2.1944 5.5705 0.0035 -1
3.7124 -0.8281 2.2284 5.5699 0.5350 -1
3.7907 -0.7187 2.2378 5.5507 0.3205 -1
3.8696 -0.7586 2.2910 5.5504 0.5092 -1
3.8652 -0.8124 2.2868 5.5506 0.4041 -1
3.8941 -0.7586 2.3242 5.5677 0.3089 -1
3.8765 -0.7333 2.3414 5.5644 0.4612 -1
3.8987 -0.7427 2.3384 5.5782 0.2194 -1
3.9172 -0.7586 2.3526 5.5889 0.0000 -1
2.4311 2.8741 1.4405 5.7479 0.9421 1
2.4578 2.7286 1.4568 5.7375 0.2865 1
2.4843 2.7610 1.4698 5.7484 0.2464 1
2.4546 2.8866 1.4621 5.7551 0.6559 1
2.4576 2.7918 1.4617 5.7422 0.3542 1
2.4669 2.7403 1.4660 5.7453 0.1229 1
2.4296 2.7552 1.4515 5.7382 0.2418 1
2.4680 2.8866 1.4565 5.7504 0.2038 1
2.4616 2.9221 1.4581 5.7442 0.6364 1
2.4587 2.9093 1.4498 5.7450 0.1579 1
2.4512 2.7729 1.4509 5.7440 1.0000 1
2.4924 2.7168 1.4642 5.7508 0.0000 1
2.4774 2.8866 1.4566 5.7363 0.6714 1
2.5065 2.8063 1.4591 5.7459 0.5711 1
2.4821 2.7521 1.4531 5.7441 0.2540 1
2.4597 2.8633 1.4474 5.7467 0.2921 1
2.4493 2.6736 1.4425 5.7427 0.3214 1
2.4791 2.8978 1.4528 5.7390 0.3510 1
2.4449 2.8162 1.4420 5.7427 0.6305 1
2.5065 2.7943 1.4607 5.7404 0.5540 1
2.7233 -0.8741 1.5299 5.7916 1.0000 -1
2.7319 -0.7578 1.5276 5.8116 0.1443 -1
2.7633 -0.9333 1.5477 5.8307 0.5090 -1
2.8328 -0.8952 1.6018 5.8432 0.5993 -1
2.8604 -0.7943 1.6549 5.8599 0.2039 -1
2.8417 -0.9990 1.7086 5.8823 0.3002 -1
2.9337 -0.8491 1.7315 5.8778 0.3354 -1
2.8992 -0.8472 1.7452 5.9056 0.0000 -1
2.8462 -0.8692 1.7556 5.9521 0.1318 -1
2.8183 -0.8162 1.7836 5.9844 0.2272 -1
2.8306 -0.9471 1.7886 6.0087 0.1483 -1
2.7852 -0.8040 1.7584 6.0036 0.1402 -1
2.7845 -0.8509 1.7142 5.9925 0.2370 -1
2.7478 -0.9221 1.6693 5.9886 0.2133 -1
2.7863 -0.8509 1.6766 5.9379 0.1658 -1
2.7804 -0.8837 1.6732 5.9314 0.2138 -1
2.7850 -0.8725 1.6584 5.9274 0.2038 -1
2.6898 -0.9724 1.6262 5.9428 0.0978 -1
2.6876 -0.8991 1.5880 5.9583 0.3703 -1
2.5476 -0.8406 1.5064 5.9762 0.6142 -1
1.7980 2.7918 1.1395 5.9227 0.5798 1
1.7811 2.7372 1.1418 5.9322 0.7134 1
1.7894 2.7461 1.1333 5.9280 0.4761 1
1.7709 2.8386 1.1342 5.9358 0.6998 1
1.7814 2.6736 1.1234 5.9294 0.3110 1
1.7461 2.7341 1.1026 5.9396 0.4194 1
1.7528 2.9727 1.0965 5.9322 0.5424 1
1.7406 2.9727 1.0867 5.9344 0.9900 1
1.8055 2.8139 1.0766 5.9313 0.0000 1
1.8053 2.7050 1.0734 5.9285 0.4735 1
1.7608 2.6698 1.0615 5.9350 0.5041 1
1.7654 2.7892 1.0771 5.9278 0.6615 1
1.7720 -3.0507 1.0746 5.9275 0.3923 1
1.7805 2.7702 1.0760 5.9378 0.6906 1
1.7561 -2.8968 1.0713 5.9395 0.8080 1
1.7605 2.7085 1.0609 5.9343 0.7549 1
1.7573 2.8366 1.0675 5.9400 0.2577 1
1.7606 2.9990 1.0680 5.9340 0.5804 1
1.7483 1.5964 1.0641 5.9341 1.0000 1
1.7444 2.6933 1.0680 5.9390 0.9893 1
2.9930 -0.9450 1.9115 5.8271 0.9488 -1
3.2199 -0.8938 2.0467 5.7846 0.3607 -1
3.3346 -0.8692 2.1212 5.6898 0.6323 -1
3.4143 -0.8453 2.1885 5.6459 0.8240 -1
3.4533 -0.8241 2.1678 5.6032 1.0000 -1
3.4562 -0.9201 2.1482 5.6069 0.5207 -1
3.5079 -0.8581 2.1851 5.5880 0.9224 -1
3.5235 -0.8709 2.1967 5.5771 0.6178 -1
3.5977 -0.8366 2.2470 5.5597 0.3871 -1
3.6321 -0.8345 2.2819 5.5547 0.5134 -1
3.6927 -0.8345 2.3246 5.5593 0.3713 -1
3.7392 -0.8822 2.3888 5.5500 0.3475 -1
3.7563 -0.8599 2.4746 5.5984 0.3213 -1
3.7461 -0.8472 2.5444 5.6741 0.5111 -1
3.7445 -0.8837 2.5643 5.7117 0.6092 -1
3.7963 -0.8491 2.6058 5.7193 0.4514 -1
3.8269 -0.8807 2.6867 5.7186 0.5099 -1
3.9103 -0.8263 2.7076 5.7060 0.1512 -1
3.9465 -0.8741 2.7544 5.6565 0.6405 -1
3.9900 -0.8139 2.7908 5.6284 0.0000 -1
2.5642 2.7729 1.5711 5.7653 0.6540 1
2.5585 2.8284 1.5508 5.7634 0.8991 1
2.5449 2.8406 1.5775 5.7656 0.9807 1
2.5447 2.7943 1.5610 5.7668 0.5920 1
2.5836 2.8509 1.5541 5.7777 0.7435 1
2.5191 2.8880 1.5590 5.7684 0.7296 1
2.5370 2.9003 1.5684 5.7770 0.8649 1
2.5384 2.9003 1.5593 5.7671 0.4684 1
2.5263 2.8528 1.5575 5.7732 0.4161 1
2.5045 2.8304 1.5782 5.7634 0.8437 1
2.5341 2.7433 1.5809 5.7687 0.0000 1
2.5459 2.7874 1.5681 5.7679 0.7086 1
2.5698 2.9606 1.5797 5.7703 0.8107 1
2.5703 2.8406 1.5698 5.7694 0.8074 1
2.5481 2.7967 1.5593 5.7697 0.8677 1
2.5896 2.8162 1.5763 5.7710 0.6552 1
2.5335 2.6924 1.5535 5.7592 0.8588 1
2.5478 2.7317 1.5634 5.7605 0.7417 1
2.5413 2.8304 1.5645 5.7664 1.0000 1
2.5406 2.8063 1.5609 5.7731 0.1617 1
3.1640 -0.9082 1.6905 6.0861 0.0000 -1
3.1255 -0.9324 1.8068 6.0999 0.0920 -1
3.2511 -0.9990 1.9491 6.0888 0.0326 -1
3.2158 -0.9855 2.0228 6.0500 0.2279 -1
3.2093 -0.9315 2.0732 5.9933 0.2894 -1
3.1209 -0.9315 2.0398 5.9792 0.1719 -1
2.9896 -0.9211 2.0653 5.9525 0.4122 -1
2.9242 -0.8472 2.0487 5.8965 0.6654 -1
2.8212 -0.8938 2.0099 5.8665 0.8056 -1
2.7168 -0.8978 1.9308 5.8346 0.9094 -1
2.7095 -0.9093 1.8908 5.8268 0.8711 -1
2.7200 -0.8616 1.8071 5.8432 0.6519 -1
2.6973 -0.8162 1.8040 5.8339 0.9669 -1
2.6532 -0.8725 1.7850 5.8178 0.7920 -1
2.6491 -0.9082 1.8242 5.8107 1.0000 -1
2.6207 -0.9450 1.7849 5.8136 0.8885 -1
2.6650 -0.9093 1.7573 5.8253 0.8392 -1
2.6457 -0.8284 1.7221 5.8589 0.7202 -1
2.6896 -0.9333 1.7236 5.8831 0.5592 -1
2.7591 -0.9333 1.7583 5.8935 0.8254 -1
2.3036 2.8649 1.3591 5.7619 0.3450 1
2.3111 2.9126 1.3505 5.7546 0.1610 1
2.3185 2.7348 1.3582 5.7693 0.4645 1
2.3398 2.8666 1.3718 5.7655 0.1678 1
2.3077 2.9490 1.3791 5.7646 0.3049 1
2.3142 2.8425 1.3609 5.7646 0.1563 1
2.3087 2.9864 1.3554 5.7623 1.0000 1
2.2949 2.7898 1.3600 5.7671 0.2761 1
2.2895 2.8562 1.3583 5.7609 0.2576 1
2.3014 2.8406 1.3494 5.7658 0.1781 1
2.2794 2.9250 1.3565 5.7675 0.2655 1
2.3082 2.7463 1.3705 5.7604 0.2944 1
2.2981 2.8880 1.3601 5.7681 0.5345 1
2.3122 2.8771 1.3634 5.7611 0.4983 1
2.3070 2.8406 1.3557 5.7554 0.0000 1
2.3042 2.8649 1.3556 5.7603 0.3568 1
2.2622 2.8880 1.3598 5.7647 0.4298 1
2.2896 2.8184 1.3708 5.7689 0.1931 1
2.3267 2.8184 1.3578 5.7628 0.2703 1
2.3025 2.9373 1.3663 5.7604 0.0732 1
2.6659 -0.9003 1.7537 5.9017 0.7203 -1
2.6329 -0.9731 1.6999 5.9473 0.1882 -1
2.6393 -0.8991 1.6597 5.9629 0.2018 -1
2.5692 -0.9478 1.6271 5.9970 0.4707 -1
2.4829 -0.9221 1.5552 6.0162 0.0000 -1
2.4945 -1.0122 1.5249 6.0022 0.5957 -1
2.4905 -0.9015 1.5263 5.9838 0.6627 -1
2.5415 -0.9241 1.5268 5.9653 0.7195 -1
2.6237 -0.9615 1.5731 5.9632 0.0035 -1
2.5931 -1.0823 1.5379 5.9816 0.3578 -1
2.5441 -0.9611 1.4824 5.9825 0.6827 -1
2.4800 -1.0385 1.4808 6.0033 0.8427 -1
2.4541 -0.8681 1.4121 6.0245 0.4788 -1
2.4367 -0.9231 1.4492 6.0301 0.6487 -1
2.4018 -0.9857 1.4345 6.0201 0.4559 -1
2.4180 -0.9116 1.4402 6.0070 0.8021 -1
2.4914 -1.0546 1.4649 5.9875 0.4408 -1
2.4602 -0.9862 1.4761 5.9959 1.0000 -1
2.4886 -0.9250 1.4843 5.9829 0.7593 -1
2.5422 -0.9231 1.4833 5.9979 0.6149 -1
1.7834 2.8324 1.1120 5.9024 0.5445 1
1.8249 2.6846 1.1124 5.9012 0.5745 1
1.8352 2.7233 1.1090 5.9024 0.5145 1
1.7786 2.7037 1.0989 5.9104 1.0000 1
1.8311 2.9241 1.1112 5.9095 0.7179 1
1.8102 2.9358 1.1100 5.9176 0.6316 1
1.8197 2.8880 1.1129 5.9113 0.5304 1
1.7899 3.1795 1.1031 5.8992 0.4674 1
1.8191 2.9484 1.1084 5.9099 0.5916 1
1.7999 3.0516 1.1035 5.9029 0.4947 1
1.7898 2.9611 1.1028 5.9036 0.6309 1
1.7908 2.9241 1.1103 5.9158 0.6223 1
1.7878 2.8545 1.0953 5.9103 0.8048 1
1.8037 2.7317 1.1032 5.9086 0.6121 1
1.8050 2.7201 1.1097 5.9125 0.6075 1
1.8140 2.9250 1.1052 5.9080 0.5688 1
1.8399 2.7756 1.0981 5.9000 0.0000 1
1.8049 -2.9724 1.0839 5.9071 0.4719 1
1.8176 2.8184 1.0624 5.9013 0.2508 1
1.8234 2.9241 1.0576 5.9093 0.5050 1
3.4176 -0.9259 2.1617 5.6976 0.2146 -1
3.4595 -0.9116 2.2108 5.6965 0.3157 -1
3.4682 -0.9606 2.1830 5.6985 0.1073 -1
3.4211 -0.9366 2.1611 5.7153 0.2626 -1
3.4253 -0.8991 2.1592 5.7247 0.3303 -1
3.4112 -0.9003 2.1275 5.7321 0.2614 -1
3.3327 -0.8786 2.1384 5.7423 0.2436 -1
3.3643 -0.9862 2.1250 5.7367 0.0182 -1
3.3037 -0.9606 2.1367 5.7712 0.2330 -1
3.3645 -0.9734 2.1529 5.7701 0.2638 -1
3.4027 -0.9990 2.2029 5.7951 0.1688 -1
3.3492 -0.9606 2.1885 5.7760 0.0000 -1
3.3015 -0.8344 2.1731 5.7921 0.2864 -1
3.3552 -0.9358 2.1841 5.7777 0.3558 -1
3.3403 -0.9358 2.1740 5.7621 0.3900 -1
3.1955 -0.9250 2.1103 5.7678 0.4866 -1
3.2800 -1.0124 2.0727 5.7503 0.3466 -1
3.1324 -0.9484 2.0138 5.7880 1.0000 -1
3.1522 -0.9727 2.0444 5.7885 0.7834 -1
3.1422 -0.9358 1.9879 5.8122 0.8038 -1
1.7769 2.8304 1.0836 5.9129 0.6142 1
1.7639 2.9003 1.0722 5.9170 0.0000 1
1.7901 -2.9980 1.0785 5.9171 0.4497 1
1.7745 2.7003 1.0821 5.9153 0.2993 1
1.7776 2.8406 1.0789 5.9111 0.5870 1
1.7371 2.9734 1.0754 5.9256 0.6975 1
1.7977 2.8528 1.0916 5.9157 1.0000 1
1.7576 2.9105 1.0796 5.9203 0.2897 1
1.7782 2.7638 1.0832 5.9182 0.2093 1
1.7441 2.8040 1.0793 5.9237 0.3941 1
1.7683 2.8063 1.0805 5.9111 0.4252 1
1.7689 2.7550 1.0757 5.9114 0.3054 1
1.7643 2.9003 1.0743 5.9188 0.3798 1
1.7632 2.7729 1.0777 5.9245 0.4495 1
1.7654 2.8880 1.0789 5.9191 0.1496 1
1.7791 -3.1871 1.0802 5.9135 0.2889 1
1.7613 2.8063 1.0770 5.9119 0.1715 1
1.7602 2.8756 1.0760 5.9202 0.3779 1
1.7775 2.9241 1.0826 5.9216 0.3313 1
1.7871 2.7638 1.0749 5.9090 0.5959 1
3.3523 -1.0122 2.1288 5.7427 0.6883 -1
3.3631 -0.8880 2.1575 5.7365 0.5346 -1
3.3814 -0.9003 2.1445 5.7391 0.3839 -1
3.3415 -0.8562 2.1208 5.7658 0.7016 -1
3.3288 -0.9231 2.1158 5.7663 0.8487 -1
3.3173 -0.9606 2.1150 5.7676 0.4603 -1
3.2933 -0.9859 2.1218 5.7625 0.1064 -1
3.2550 -0.9596 2.1102 5.7672 1.0000 -1
3.3596 -1.0395 2.1468 5.7756 0.4413 -1
3.3056 -0.9731 2.1467 5.7684 0.5037 -1
3.3573 -0.9860 2.1269 5.7662 0.7933 -1
3.3691 -0.9490 2.1208 5.7709 0.1544 -1
3.3223 -1.0122 2.1418 5.7672 0.6745 -1
3.2855 -0.9250 2.1164 5.7574 0.4700 -1
3.3527 -0.8562 2.1679 5.7590 0.0000 -1
3.3756 -0.9015 2.1393 5.7536 0.5723 -1
3.3614 -0.8906 2.1371 5.7646 0.8496 -1
3.3825 -0.9484 2.1063 5.7427 0.6626 -1
3.2609 -0.9373 2.0838 5.7416 0.4906 -1
3.2194 -1.0257 2.0297 5.7437 0.7583 -1
2.3391 2.7693 1.3727 5.7609 0.6104 1
2.3347 2.9615 1.3846 5.7504 1.0000 1
2.3520 2.8324 1.3684 5.7551 0.0763 1
2.3378 2.9373 1.3696 5.7558 0.5524 1
2.3076 2.8906 1.3797 5.7647 0.1913 1
2.3470 2.9126 1.3716 5.7466 0.1739 1
2.3126 2.9865 1.3872 5.7613 0.2244 1
2.3318 2.8304 1.3895 5.7633 0.5107 1
2.3119 2.8786 1.3932 5.7577 0.3286 1
2.3154 2.9366 1.3783 5.7555 0.9521 1
2.3275 2.8893 1.3713 5.7559 0.3751 1
2.3048 2.7874 1.3720 5.7596 0.1989 1
2.3217 2.9737 1.3831 5.7593 0.1853 1
2.3406 2.7070 1.3836 5.7559 0.0000 1
2.3177 2.9003 1.3856 5.7650 0.2639 1
2.3265 3.0250 1.3848 5.7617 0.8197 1
2.2846 2.9734 1.3834 5.7573 0.2146 1
2.3350 2.9003 1.3855 5.7470 0.3376 1
2.3136 2.7151 1.3677 5.7536 0.7795 1
2.3378 2.9241 1.3883 5.7563 0.1556 1
4.2326 1.0773 3.8497 6.3455 0.0000 -1
3.9415 1.0779 3.5106 6.3124 0.2236 -1
3.7597 1.0773 3.2724 6.2775 0.1295 -1
3.5147 1.0785 3.0715 6.2599 0.1802 -1
3.2360 1.0802 2.8288 6.2255 0.3224 -1
3.0326 1.0796 2.5854 6.1955 0.5085 -1
2.8544 -0.9596 2.4273 6.1853 0.3613 -1
2.7247 -0.9724 2.2887 6.1525 0.6076 -1
2.6652 -0.9471 2.2021 6.1468 0.7365 -1
2.6899 -0.8893 2.1888 6.1081 0.6935 -1
2.7435 -0.8756 2.1303 6.0977 0.7552 -1
2.7013 -0.9859 2.1834 6.0752 0.6041 -1
2.7395 -0.9358 2.1276 6.0423 1.0000 -1
2.7251 -0.9734 2.1234 6.0457 0.7067 -1
2.6981 -0.9601 2.0337 6.0634 0.7899 -1
2.6419 -1.0260 1.9769 6.0647 0.8070 -1
2.6279 -0.9724 1.9603 6.0502 0.7586 -1
2.6737 -1.0122 1.9521 6.0432 0.6898 -1
2.6700 -0.9241 1.9375 6.0358 0.7422 -1
2.6643 -1.0962 1.9401 6.0333 0.9695 -1
